1
150 150
011101101011010111110000110100010110100001010000111110110111010000010101000100001010110111011011010101000100000111011000110001011010100000010000100101
110000001110011001011010000011000011101000010101000101010011000010111000101000100101001101101001011100101110100101001100000010010110001000110000111001
101110000000100001101000111000001001001011111000111011101101101101011110011110000110100010101100101000101101011011010010011010001010000000011000110011
100101001000011100111001110111100001110011011011110111110100111100010100110011011101101100101001001001100101000000111101101010001010011001010001010101
101110000101001101100100000101101010101110000000010100110010001110100000101010100000011011001110100100111010100110000100011011100010011001011100010101
000000000101110100110010100001010010100001110010101100000100111100101110001011001001010101111000010010101011101111000000110001011001101011110111001100
111111101001100110100100010000001011001101011001111101011000011010101010010010100100110010001001011011100101100001001110100001001010110101011111001101
011100000110010000000110100010001110011011111011111100010100100110011001011110101110110100001100110000000001000100110101100100100001000100010111110111
110101000100100011111100000101010110110100001101011111111011111010100010011001100100110100100000001101011111011000101111010110111111011011111111011011
010100110110101110101111111000011001111110010011000001100000110000100001010100100001100100011011010011100111100110010101000101110110001100011001010011
000110000110101110110100011111011000101011000000011001111100010001110010011110001000101111010011001110010000010100010010010110001010010100110100011010
000110111001100011110101000001001000110111000011100110010111001110000001010011010000100111011111100101101001100000010001100011111001101110001001010101
010000001100100010000011000110110111111101111010111011101011010101111001101111000100000111110010010010000111010010101100110110011111000010111101010101
100100010010000011011101011010001010100001111100111101010010101100110011111111101100010111010111010000111011101010101010000001111001011011011100010101
010001101011110011101110100000010000111010101011001001011110110000011110010000000110000011001110110110000110110011110011100101110011110101011011110101
001010001001010101010000100100000001100000000111010100000110010001011101001111000100001110001010001100110010100100100101101111010100100001100110110001
100011001110111010110001111100010100111001001000001010100001101100111100110000010011100001001000101011100010000001111000000011110101101000101010111001
101000011000000011110110110011010011101101010110000010101101100110100011001101011101110100100111101101001010010111001100001011010000011000001111101110
111010101000011110111100111111101101100001101110111110111110101100101111000010101001001011110111111100100101010011111011111100000010100010110100101100
011001001010001000100001011111010111110101110000001101011000000001001110000010111101001011101110101011100010000101110000010000111001000000101110100110
100000100110100110100010001011001001001101110101110001010100001101010010110101110100110010011100101001011110010111000110110011110011111000001010001110
011001110000001110101010110101010101000000111100100000000000010001000100100010110000000111011100111100101110011000011100111100011010011110100111111000
111101111111111101101001111101110101101110000000110101001010011110100001101110100000101000001100010110110100010011101001010101010111000100001011110010
010101100000011000001100110001000010111000001111010110000001011001110101011011101001000000111001001101001100111000110001000111000100111000011010000000
001110010011100100111111011000001001100010110110110001011011110110111101110000001000111011010010101110011010011011100000000011010011011111011011111111
001011000001010110001001001110100101010011110011110001011101010001100111110001011000000111000011001110010100100010100001110101100101110010000011100000
011101010011100000000101110101010100000101110110000001011111101011011000011100001010011111100111111111110100001111100110100000110010101010010001111110
000001111100001101010001111000010011011011100111111100101010001100101010111010111011010010111011111100100011001000010000011000000111110010010011001011
100000001001000010010111000010011010010001110111001011011010001100100111010000111110001101010101110111000001000001111000011010110011010000001011001100
100000010101010000110111111101101000111100001010100101010001101110111111110010100000100011101001000100010010110100101111000010111111101110001101001111
011010100010100100001100111110010100011000001001001001000001111000100110001110101011101010110111111100111110011111011011011101011011100010011010010101
000010111110001100101000110010111001110010010001101011100111110101110111101011000001111000000100110010000111100011000010000101001011011010010000100110
011000101000100110111111010000111010011011101000101001110100100010011100100111101110110100101111011100111110011101001010101011000111010010010011111000
011100110101110100011100000110111001010010000101001011011111010110110101100010000100010110001010110011001010111001010100000000000100000010011101000001
010010000001001100011001101000001001111111101100000101000000001100110110010110000001000011010001000011000011011010001100101001110011111100110010011110
100011010110010001001101011010101101000011110100001010111011000001010001010100010100011010111011011110010010110010101001010110010000010110110010100111
101010010000001010000111000000011100000101001001101011110001101111010101011110000110100001110111000111100110000110010000001000011000110011100111111001
110001110100111011011010101001011111100110100110101100111101111101010000010001010001100110101100001010000011110110001001100000110110001100110111101101
010001101101110110110111000011111001011101001100010011001100010111011100110101101100000110001110010101111010101101111000111011010110110111010010010010
010101101101011010111110101011000001010100111001010010010000101001111000101110001001101101000010110001101110001001010000111101100110011101010001101000
011011100011100011011101100101001110110001111111011110101001001111010010111001011100110101101001000011100011001010001101100001111001000011101000000110
011011111011011111100100110010110000111001110101011001010010010101101011010001001000110011011100010110110101100001011001010100111101100100010001100100
010110110000000110011100000101010010101000100001101100101000001001111001100001101101000111011101010000110110000101000000100110000001010010111100100001
100011100000111110101110100111001111100110101010011011000011110000101011001001011000100110100111011110100101110000101001100010001110101100110110001010
100010101000010111000000111111011111001011111100000001011110001101111011101001010101010010101010101001110001000100001101111110001111100010000011101111
100110000100010001111101101111011000011000101000100100010010101010111011010001111101011111001100011011111011100011111000111001111001010101011000011011
101101001110111010001010011100001111110010111101110100110110111111111010101111011100101101000010111111101010000101010000011110000111000110100101011111
001111111100010110001001111010011111011111000001101111001110100001111101011001100111000011110001110000111110011000010111110010100000011000110011100001
010101010100110001100001010001010010110100111011111011100010101010111011010101101011001100010100100111101000000010101000111111010100011110011101011001
110001001111001111110000101011101000110000010101111110101100000101001001001010111111100000110010001000111111010100110101111011101101011110011011111100
010111100011010011110011101000000111110101110010110000010100100110000100000100000110001011100001111010000000101001100110001100111110001111010110000110
011000010001011110110011001010001111001110000101101110011000110000010111111000000111001111111000000100100101000111011111111001100100011001111100101111
000010100011010110011111011110111011101001011101000111010011100100110111001111000011000001001101000101101000000011010111001110110111110111010111010101
000110010001110100111110100101100010011001011111110110101011110101011100010010000110100001111110111000001110101011011110100111110110110101110111000100
010111110101000101001101010111101110010001110010011011101001101010011110110111001101010110011011110011011111110100010011010010111001010000001101101011
111101011011110100000101110010011101010110111010001001110001000101000110110010000100101111010101001110111110101111101111011101110001001001110000010111
111000010001001000010011100010110110101101011011011100111100100101010001100101000000101110010000111100100110001110110011011101110110101011010110101000
101011011100010101111000000000010100001111101001000111010100110100000101110111011110111011010011010000111001100101111111100100111110111110000100101101
010110011111101111000101100010001101110111011001010000100001111000000010010100111110111110001011110111101001111110111011101001100001011000101111011101
011001110000100111101011011110100101110110100000111100010010000001100000011011001101011101011010110100100011010011001100011010000101011000101000101111
001010101101010010010000100100001001101010010010000011010011011110100111110001011110100011001100101011101111110111000110111011101110011000001100111110
100001101010110001101011000110010111011011111010101100110001111000101100011101110000001110101101011000011111010010110001100101100100101001110100010011
010100100010010010001111100000000000110001101101001100111000010111110101001011001000011001111000011111111100111001010010110110100000110100010100101001
001001011101100000001011110101110000100010010011000001010010011010001000001110110001001100001011100010011011100000010001100110111111010011110010010001
100101000110110100101001001011101011001010110110100101111110110000001011111011101101101110011010000110010101110111000100110100100000101011101110011001
011011111001000100110001111110100000010010111011011111110000100111101011011110111101101011111001111111111010000111001101110101001100110011010000011100
001110011101110011000010101100100110000000000011110010001101101001010101010100110111101011000010010110100101111001010010100111011000010001000111111011
111111100110101011000101100111100101010100011010001110100000111011000010010011001011001100111110100010100000111100001011000001111100011011001110010111
001010011011010000011111011101010111011010110011000000101010011000101110111000100011110111100110010110000011101010000000101101110010101111111010010010
011100101000111010001000110111100110000001001000110001011010100101000111101010110011000010101000011011111011111000111100110001011001100100100010010101
011000101100111011110010000011101001011000010111101111010011110100101110011111111100010100011111011110010011000100001110111010100000011011101111100111
110110011010110001010001011011111010111000100010110000100010111100001011001110100001101111110100010100011110010111010101110001100111101111000011000111
000110010110111101001010111000000010011111111010101000101100000100110010111110111110111010101000011111010110010001100111101000011110111011100100101111
111010101100111010100001001111111110110001011000001110111110101010001100010100010110111101111100000100000001011000101000111010111001110000000011101001
110000011110011111010011101001101000100010101100010101100111011110100111011000101010001101001100100000100011101111000001010000100010111000101010101111
000010000100111111010011100100110001011100000001001000101001111010110011101011101101011010111001101100001000100000100001010001011111011111101101100000
111111000000010111001110111000100000001100100110111011010011001011001011110011111111001100011011111101111000001010100111000001101010110010010001001000
001010011100000010000000111110010100001110101001011010100010000100111011101010100101101010100011000001101010100100010001100000000001110000100100111100
100111011110111001011101000110000110100111010011010011010110011000110000000011100110001001011010100000101011011000111010101111011010100110011001101111
101001110111001110000111100011100100110110010010101110011110000110111101010011010011000101000111010010111010011010000001110000100001100000100100100110
111110101000100001111000110000101100110010011010101100011110110000111101010101010001110111111010110111110110100101110010000111110010001011100100101001
011101100111101010101010011000110100111111101100000100100100110010101001111010100010110011110110111100110010011100000000010001011010110000110000011111
011001100101110111101111011010101101001010100101011100000111110000110101100111110011001110010110010111010011101100010110011111010001010100111110101111
110011110001001000011000110111000101100110110111111001010100001111110001010101110010101101011010010111101000011001100110000101101010000100011011101010
111010110000000100111101001000111101111111010011100111101000000111001011011011111100101010011010000110101010100101001100010001110101111100001101001001
111000100100011100100001001010000101100001011000100111111101000111010100000011011011011000100101011010110001001010101000011000111101000110001100010010
100001011111011101000111000111111101110001000001010111010100010010001000010001010101011001001100111010100110110111110000001100010000011110010001011111
110110101001111110100001010110010011101110010101011100011111101010011100110010001101011000001110000111000111101110000111101110110000000110010111101111
001011111010001101101100010011011010001000110100101101000111101010101111010010011111110100010010110101111100101100000111111000011101111011011000001111
101001110110110011001101110100001001100110001110110011000110101111011011100000000111011001100001010110001001001111000111011011101001011000100101110001
101101100110100101001010111111110110011100101011100101111100100110101011001011111100000001100010001100001100011111010000101101010010011100001111100001
010111110010001100010010111111100001011011110000011001110001010100010101111111111111001011101011001101011011110100101111001000000001110000010111111000
000110001010001000001111101111010110001010011101100011100010110110110101111100100111011001011110011010001111111001011001101001111000101110000111011101
100000110001000100000010101101001101101001010111001101011110111001111011011110010010000111001100111110010000011000011111101101110110011111101011000111
100000001110000100111010111101011011010100001110011001101000011100000111000011011111000011101000000110101110000110001111100111011000101011011010011111
110111000100000000010010011011001110101111100101011000100001000101010000000111010010011111100001110101001100110011010001101001011110000001011011110101
100010001111010110110111111010011001010001000001111100010101101000111001100000110010100100110010111100011111100001000001100011111000101100011010100000
010111000100011011100000011110011100101011010110010100100001011111110000011010000000000111110000110100010010111110010110011111110101010101100101001111
110010010100010111100100011001001001001110000000111011100101101001000100100100101100100110111011000110010001100110010000100110100101111001001101001110
010100011000001010101111100110111111001100010100110000011100101101010101000011001100001010001001000100110101110110110101000101011100000001111110011001
100101101100101100111101111000000101011100000010011010101101100111010001100100101011010111100000110111101000001010100100000000001011101011101011010000
101101001000111010101110000101100000000001110111101101000110101110010001110100001100001111000010101000001010000010001101111000000101001111110011111010
000011100101001011110110010010100001110001000000101000101010000010101001000100010100000101110111001110001001111110111100000011101010011000100010000100
001001010101010110101110100110001011110101000011001110000110110011011101011000001100000100001100110000110000100011001101101001101000010110010001111011
011101000111000011100101000001000111101110101001001101100101011001111011111001101001000001001010011000001111110110111010100111100011011100100111110101
001010100101000000010010011011110010010010010000110101001100010011101010010000001111010010110010111011010101011011110110011111010110001101111001110100
100011111111100001101010010101101011011011000101110011110111011010101111011001011111010111001000100010101110011110101010111010011111100111011010101001
100000111111001011001110110101101101101010101100000111111000010011010000001011010101111101010010001101111000001111000011100001100100111110110011111110
000111010111001100111110010011011100101010010101011110010011110001100010110000000010000111011010110110111111000100101100110110100001101101011011110011
000111010100000100111011101000111111010010111001100011011110000101111001111111000100100110000100011011001011011111010001111000110100110100101001111110
100000100100010110100100011011010110010100010011111110101101111010000011101111110000000000100000001000111111100100100101101010010011100011101100001010
000110000001101101000011000100001100100011010001100000010010100001100111100101101000100001000100001001111001111001101001101111010110001111110011111011
111110000011000000010001010101001010001110011000011111011001111001101011010011011101000010000000011011011111111101000100110100101010000101101100001011
001010010010101110011110110111100110001000001011101010010001000001011001111111000110011110111010001101100100100001101001011111001000111111110010101010
011110001101010101110011010111111010100100001111110010001001100101100100110001100011111001010011110100101001111111100100100110110111000101011110101111
011010100010110001110101000011001000111010001111100000010000111001011010100000100110111100100011001010001001000000111001000101110001001010110011000100
111010010100011110011000001100111111110001000000010010110001110110110010000010111110001010011010101000001101101001101100101000110011111110110000010100
011100110101011100101010111010110101010110101010000101100001110111000001100100001000001000111100111001010100000110100001011010101111101101101011111001
011010111001110110101010010011011111110110000000011001100001101000101000011100010110011111110010011001011001110100000001111001010111011101101010011110
000111011010100111111101100010100010101100100110101110001101111110011100010111001111011011010011011111011101000010001100000101101011110101000011011111
010101001001000110111010100011110110010111000001111111000010111101011101110010111101100010000100010110001111101100100011111001010001001001010100000111
000010101101010100111111001111001011100010010101111101101110010000110100010111110101010000001110111010101010100010000000011101011010001011111110011101
101100010010001100000100111011110110110100000110111001111001100101001110101011101101110010001010001110111100110100010001011011010010101011010111110110
101001010111111010100000000010011001101000111011010101100101011001011100000011010010100110011101001011110111100111100010001000011111000011101010100110
001001001011011110001101011000100101110111111110100111110100010101100001001011100010000010101100100100101101001101001000011100110111100101110110110001
100010011100111001000111101100101011111000000111110101100100101100001011110110100000110111000000001011000001101011000111110010000001000111111101101000
010011010011001111011110110110000100010100111001110110011101001100111010010111111110001100100010010000111011111000101011010101110110101101001001111011
011110110001011111001010110100001010101001000101011110000001100010100101101101011101000011110110000001100100101111101000011100111111010110000011110000
011110101100101100001110101010110011111110001100011000101010001101100001001011010101100000001000010100011000100101001100001110111101111111111100100000
110110110001010010100011111010100110111001111111000110011001111001100101010011010000010010011111000111000001101001101011001100111101010110111101100001
000011111110101101111010111110100010011110111110011101101110110010110110001111001011110111000010100000111101001101001100111111101001110111101001011010
011110011101011010010000110000010101101011101011111011000100010001101000101000000010010110101000100000100010000000111011110010001000100111110011010100
101100100111100011110110010001101011110101000101010110000101000000011110111110001001101100011000100110000010110100111110101101010111011111011101100101
000011111100001110110101011111101010100001111101011001001111001110000010111110100101011100100110101000011111101000011110100100001111100010110110110001
001010101101101111100000111110010010001001110010000110100100111011110111100011111110011110010010010010110101111111000001000100000010011101101000001001
001101110010011010001010101101000111010010101100001001111100000000000110000101001000010011101010111010110011111011111100111101100100010110101000110010
110001000101000001010101110111101011010011100001000000011111111010000010111000001010011010000000001101111000000101110111011001001010011101100110001000
100100111101101110011101000101001011100111000001011101011111010011011011111111000000111100100010110101011011101001001111101110101111001111000110101001
100100000100000100101111011000011011101100011011111101110000110010101010101110111111010101100001101100100010011010001101001101111110111101001101001001
001100111010111010101000100101011110010100000011111100010000111101101011111011110101111101001111101001111000000110011101100100001110010110010110111000
000111001010000000100110001011111010011100010000100011000011011011101110001000110100000001110000011110110101111001010110101111010001000110111111100011
011010001111110111000010010011010100100110110001000101111000010011101011111100011011110000101000011111110010010110010101111110010100101010010001001110
100100000000101101000111110110011011000111111100010010110101010101001011101001101001101111011011111001000100000101111111001101111011000100101110001111
010101000010110111100011011000111000110110100100110100000100111100000011001111010001110101111000111100110110001001001001011100111001010110000111100011
110000110001101111000101110111111001110000000111111100101110110011111001101010011101100010111001010110101101001010100010111100101101101111111111011001
111100111110100010110011111101001000111110000111011000011001100000010001101100001101111010000100101111010000011000010111100100010110111011011111111100
101000011101000110000010000101011011001001100010001011100010011111100110001011110011011000110000111100110010011010101011000100111100110011011011111010
011011101111100100100101110101000101101111000000101001111100101110000000101000011010000000000110000101101110010100011111010001100111101000100111101101
011101011010001001111010110000011111001111000000010000000111101010111001111000110111110011101000000010001011010110100101110001111111011100100111100000
111111011110001110001010111011111011110000111001000010100101010111000111100100101010100011001111001100001010010011110100101001100000100110001111001001
